raw data file is: 70.dat
number of data points: 	206
0.007866387747315847	112.616758753302	11.2616758753302
0.009076600297444191	52.8500457768292	5.28500457768292
0.01028681244068223	19.75689298787385	1.975689298787385
0.01149702412279695	5.806117127319988	0.5806117127319989
0.01270723528942846	2.803992667364003	0.2803992667364003
0.01391744588644949	3.994581421095223	0.3994581421095223
0.01512765585951071	5.341680720088755	0.5341680720088755
0.01633786515436856	5.32172617281435	0.5321726172814351
0.01754807371688517	4.079911960478949	0.4079911960478949
0.01875828149260551	2.459890501117025	0.2459890501117025
0.01996848842749745	1.178447712459073	0.11784477124590731
0.02117869446721168	0.5489370609237003	0.054893706092370036
0.02238889955739887	0.4484254004732159	0.04484254004732159
0.0235991036439212	0.597741094866376	0.05977410948663761
0.02480930667253506	0.7307823658584066	0.07307823658584066
0.02601950858899688	0.731098634160169	0.0731098634160169
0.02722970933895735	0.5923857592762892	0.05923857592762893
0.02843990886827861	0.4013390109584702	0.040133901095847024
0.02965010712261134	0.2407941957314618	0.02407941957314618
0.03086030404771197	0.1634882039706909	0.01634882039706909
0.03207049958933691	0.1511848442321228	0.015118484423212281
0.03328069369334832	0.1748041198010132	0.01748041198010132
0.03449088630539688	0.1946303390759757	0.01946303390759757
0.03570107737134474	0.1858019078003908	0.018580190780039082
0.03691126683673685	0.1549771792479488	0.01549771792479488
0.03812145464743535	0.1139219220054636	0.01139219220054636
0.03933164074930243	0.08286944402691156	0.008286944402691156
0.04054182508788299	0.06572643725661603	0.006572643725661603
0.0417520076090392	0.06390900781924283	0.006390900781924284
0.0429621882585275	0.06814952136929675	0.006814952136929675
0.04417236698210428	0.07153993118113446	0.007153993118113446
0.04538254372552597	0.06831387303263647	0.006831387303263648
0.04659271843454899	0.05922670873894201	0.0059226708738942015
0.04780289105492976	0.04945897875011879	0.004945897875011879
0.04901306153231894	0.03879884153228721	0.003879884153228721
0.05022322981268445	0.03443350307600082	0.003443350307600082
0.05143339584157121	0.03259317887892128	0.0032593178878921286
0.0526435595648414	0.03187794405961286	0.003187794405961286
0.0538537209282514	0.032034231932709	0.0032034231932708997
0.05506387987766342	0.03074195898290412	0.003074195898290412
0.05627403635862235	0.02950910276346136	0.0029509102763461362
0.05748419031699038	0.02597297406270253	0.0025972974062702533
0.05869434169852392	0.02172008297325617	0.002172008297325617
0.05990449044897937	0.01904475453686304	0.0019044754536863041
0.06111463651411317	0.01829047064753475	0.0018290470647534752
0.06232477983978746	0.01754680143771178	0.0017546801437711781
0.06353492037165294	0.01743152631967027	0.0017431526319670269
0.064745058055466	0.01784471421870929	0.0017844714218709292
0.06595519283708882	0.01646620075859324	0.0016466200758593241
0.0671653246622778	0.0153290806896529	0.00153290806896529
0.06837545347668365	0.01377191016704792	0.0013771910167047921
0.0695855792261685	0.0126087524860857	0.0012608752486085702
0.07079570185638301	0.01178703658654697	0.001178703658654697
0.07200582131329511	0.01164438278444843	0.001164438278444843
0.0732159375425555	0.01159386734650354	0.001159386734650354
0.07442605048992053	0.01113670845115836	0.001113670845115836
0.07563616010114667	0.01093840222048648	0.001093840222048648
0.07684626632209605	0.009959508995936126	0.0009959508995936127
0.0780563690985251	0.009091083172884679	0.0009091083172884679
0.07926646837619025	0.008845581363573066	0.0008845581363573067
0.08047656410084789	0.008456472992017109	0.0008456472992017109
0.08168665621814873	0.008319453567681233	0.0008319453567681233
0.08289674467416637	0.008256366290125305	0.0008256366290125306
0.08410682941444576	0.00786738996916463	0.0007867389969164629
0.08531691038484908	0.007894502691024992	0.0007894502691024992
0.08652698753113273	0.007470576318522363	0.0007470576318522363
0.08773706079905312	0.007095709394950441	0.0007095709394950441
0.08894713013447245	0.006426215729838799	0.0006426215729838799
0.09015719548314707	0.006471075924529703	0.0006471075924529704
0.09136725679083343	0.006678670419328681	0.0006678670419328681
0.09257731400328795	0.006542952439923162	0.0006542952439923162
0.0937873670663728	0.006314076489484555	0.0006314076489484556
0.09499741592584438	0.006385840152626442	0.0006385840152626442
0.09620746052745911	0.006197223884969418	0.0006197223884969418
0.09741750081697338	0.005794270441272893	0.0005794270441272894
0.09862753674035515	0.005484365984118704	0.0005484365984118704
0.09983756824314932	0.005713662958451037	0.0005713662958451037
0.1010475952713238	0.005371675905508041	0.0005371675905508042
0.102257617770635	0.005283702270887451	0.0005283702270887451
0.1034676356868393	0.005432322097006468	0.0005432322097006468
0.1046776489657989	0.004980521503713321	0.0004980521503713322
0.1058876575530587	0.005080368040875868	0.0005080368040875868
0.1070976613955383	0.004970694545857629	0.000497069454585763
0.1083076604364564	0.004872550219425843	0.0004872550219425843
0.1095176546250587	0.004825849617068238	0.0004825849617068238
0.1107276439042468	0.004842719159240111	0.00048427191592401115
0.1119376282211516	0.004660037708865277	0.0004660037708865277
0.1131476075218468	0.004731554322629971	0.00047315543226299716
0.1143575817513486	0.004396636005747893	0.00043966360057478936
0.1155675508557307	0.004656374401322739	0.00046563744013227397
0.1167775147810667	0.004548876162239588	0.00045488761622395886
0.1179874734723728	0.004573115257602647	0.0004573115257602647
0.1191974268767801	0.004318747866051892	0.00043187478660518925
0.1204073749382474	0.004166124219321411	0.00041661242193214115
0.1216173176049632	0.004346666446312122	0.0004346666446312122
0.1228272548208862	0.00402987424772407	0.00040298742477240697
0.1240371865320902	0.003959590322483256	0.00039595903224832563
0.1252471126857061	0.004112390461044481	0.0004112390461044481
0.1264570332256928	0.004126996782833206	0.00041269967828332066
0.1276669480991814	0.003940354112189773	0.0003940354112189773
0.1288768572522455	0.00378478089436362	0.000378478089436362
0.1300867606288438	0.003921934197065751	0.00039219341970657515
0.1312966581771648	0.003873766505261381	0.00038737665052613815
0.1325065498411675	0.00387194088747671	0.00038719408874767104
0.1337164355669254	0.004003755586680393	0.0004003755586680393
0.1349263153015695	0.003923876546804684	0.0003923876546804684
0.1361361889890587	0.00382270141543481	0.000382270141543481
0.1373460565775814	0.003630210517441273	0.0003630210517441273
0.1385559180110965	0.003836322252974719	0.00038363222529747194
0.1397657732356776	0.003711305860940983	0.0003711305860940983
0.1409756221973983	0.003684823260904229	0.00036848232609042295
0.1421854648423324	0.003801678352571578	0.0003801678352571578
0.1433953011165532	0.00366116163820444	0.000366116163820444
0.1446051309650773	0.003487684265344455	0.0003487684265344455
0.1458149543350355	0.003712790582576234	0.0003712790582576234
0.1470247711703867	0.003576445656136807	0.00035764456561368074
0.148234581418262	0.003538209015435452	0.00035382090154354525
0.149444385024735	0.003731454492234494	0.0003731454492234494
0.1506541819348219	0.003531534365459413	0.0003531534365459413
0.1518639720945964	0.003522136781569822	0.0003522136781569822
0.153073755450132	0.003520376576351176	0.0003520376576351176
0.1542835319475025	0.003407544422999382	0.0003407544422999382
0.1554933015317241	0.003576060465342047	0.0003576060465342047
0.1567030641499277	0.003481489807341384	0.0003481489807341384
0.1579128197471297	0.003627657277795819	0.00036276572777958196
0.1591225682694037	0.003537231990150761	0.00035372319901507614
0.1603323096617658	0.003304302610337554	0.0003304302610337554
0.1615420438713472	0.003520868511336846	0.0003520868511336846
0.1627517708431642	0.003379096592694662	0.00033790965926946623
0.1639614905243476	0.003510747952634028	0.0003510747952634028
0.1651712028588564	0.003159546381541465	0.0003159546381541465
0.1663809077938216	0.003159935838963912	0.0003159935838963912
0.1675906052753167	0.00345200072193068	0.000345200072193068
0.1688002952483582	0.003580890883487693	0.0003580890883487693
0.170009977660077	0.003264605373995339	0.00032646053739953393
0.1712196524544319	0.00350083994763342	0.000350083994763342
0.1724293195785539	0.003439727856725811	0.00034397278567258114
0.1736389789785167	0.003268204626620706	0.0003268204626620706
0.174848630600394	0.003541998409561735	0.00035419984095617354
0.1760582743881446	0.003279376644879105	0.00032793766448791054
0.1772679102899569	0.00336524341265634	0.000336524341265634
0.1784775382508471	0.00326187830491785	0.000326187830491785
0.1796871582168889	0.003204117077210935	0.0003204117077210935
0.1808967701330985	0.00334477089775678	0.000334477089775678
0.182106373946607	0.00325496142478142	0.000325496142478142
0.1833159696024305	0.003398232429884391	0.0003398232429884391
0.1845255570477001	0.003121995348438019	0.00031219953484380193
0.1857351362263748	0.003286506130841242	0.00032865061308412426
0.1869447070855854	0.003478536245745521	0.00034785362457455214
0.1881542695714057	0.003393096490660672	0.00033930964906606726
0.1893638236288517	0.003192564417797583	0.00031925644177975836
0.1905733692050547	0.003196582735090205	0.00031965827350902056
0.1917829062450309	0.003242730090740056	0.00032427300907400563
0.1929924346959111	0.003222527815389844	0.00032225278153898444
0.1942019545016544	0.003127328968816916	0.0003127328968816916
0.1954114656093917	0.003277227723781001	0.00032772277237810013
0.1966209679651967	0.003145977818368527	0.0003145977818368527
0.1978304615140856	0.003243450331746699	0.0003243450331746699
0.199039946202132	0.003301120307446599	0.0003301120307446599
0.200249421976467	0.00328159825090575	0.00032815982509057503
0.2014588887821068	0.003150805214436093	0.00031508052144360935
0.202668346565125	0.003231481518839423	0.0003231481518839423
0.2038777952715954	0.002939495871973473	0.00029394958719734733
0.2050872348475914	0.003098912083960612	0.0003098912083960612
0.2062966652391867	0.00328537013343792	0.00032853701334379206
0.2075060863913977	0.00320653664427813	0.000320653664427813
0.2087154982502978	0.002920743621704279	0.00029207436217042795
0.2099249007619609	0.003428644242405344	0.00034286442424053443
0.2111342938735177	0.003420557271745225	0.00034205572717452255
0.2123436775299847	0.002981560119315542	0.0002981560119315542
0.2135530516774355	0.003266349151859605	0.00032663491518596056
0.2147624162619436	0.003455220148455707	0.00034552201484557075
0.2159717712285254	0.003312342338198378	0.0003312342338198378
0.2171811165243118	0.0031488670240666	0.00031488670240666
0.2183904520953765	0.00327857100817736	0.000327857100817736
0.2195997778867356	0.003548128156203395	0.00035481281562033953
0.220809093844463	0.00316063957266955	0.00031606395726695505
0.2220183999156896	0.002916542268260259	0.0002916542268260259
0.2232276960454315	0.00328038093645464	0.000328038093645464
0.2244369821797625	0.003540593901149039	0.0003540593901149039
0.2256462582647562	0.002963515227793682	0.0002963515227793682
0.2268555242464863	0.003097139840053395	0.00030971398400533954
0.2280647800710262	0.003431910909007167	0.0003431910909007167
0.2292740256844497	0.003175013633259485	0.0003175013633259485
0.2304832610317731	0.002890352133260147	0.0002890352133260147
0.2316924860601274	0.003281928009679087	0.0003281928009679087
0.2329017007145287	0.003389075723464586	0.00033890757234645864
0.2341109049421081	0.00339628663802276	0.000339628663802276
0.2353200986889393	0.003282787238701783	0.0003282787238701783
0.2365292818989811	0.002973338029857136	0.0002973338029857136
0.2377384545204219	0.002809655406511772	0.0002809655406511772
0.2389476164993354	0.003113380735584137	0.0003113380735584137
0.2401567677796803	0.002971974098940135	0.0002971974098940135
0.2413659083096451	0.002935140306479251	0.0002935140306479251
0.2425750380331887	0.003026368634010719	0.00030263686340107195
0.2437841568984995	0.003660344841080237	0.00036603448410802374
0.2449932648505937	0.003666919760763637	0.0003666919760763637
0.2462023618344876	0.003523154260469035	0.0003523154260469035
0.2474114477983695	0.003056210727610161	0.00030562107276101613
0.2486205226872557	0.003389554730763973	0.00033895547307639733
0.2498295864461625	0.002682247004096317	0.0002682247004096317
0.2510386390222209	0.002418413556176542	0.00024184135561765418
0.2522476803615045	0.00341870032587962	0.00034187003258796204
0.2534567104100869	0.003353028298051622	0.00033530282980516224
0.2546657291129844	0.003911772708417344	0.0003911772708417344
0.2558747364173281	nan	nan
